ff ff ff ff ff ff
00 26 98 07 df c1
08 00
45 
00
01 56 
b4 42
00
00
ff
11
a8 ad
8d a5 d0 01
ff ff ff ff
00 43 
00 44 
01 42 
11 fc 
02 01 06 //Message type (2=bootstrap Reply) Hardware type (1=Ethernet) Hardware address length (MAC=6 bytes)
01 
33 55 33 55 //transactionID
00 00 
80 00 
00 00 00 00 
8d a5 d6 8b 
8d a5 05 c8 
8d a5 d0 01 
98 90 96 d2 3e 62 //client mac
00 00 00 00
00 00 00 00 00 00 00 00 00 00 00 00 00 00 00 00
00 00 00 00 00 00 00 00 00 00 00 00 00 00 00 00
00 00 00 00 00 00 00 00 00 00 00 00 00 00 00 00
00 00 00 00 00 00 00 00 00 00 00 00 00 00 00 00
00 00 00 00 00 00 
//bootfile
5c 53 4d 53 42 6f 6f 74 5c 78
36 34 5c 77 64 73 6e 62 70 2e 63 6f 6d 00 00 00
00 00 00 00 00 00 00 00 00 00 00 00 00 00 00 00
00 00 00 00 00 00 00 00 00 00 00 00 00 00 00 00
00 00 00 00 00 00 00 00 00 00 00 00 00 00 00 00
00 00 00 00 00 00 00 00 00 00 00 00 00 00 00 00
00 00 00 00 00 00 00 00 00 00 00 00 00 00 00 00
00 00 00 00 00 00 00 00 00 00 00 00 00 00 00 00
00 00 00 00 00 00 

63 82 53 63 //Magic Cookie
35 01 05 //Message Type (ACK)
36 04 8d a5 01 09 //server id
33 04 00 00 0e 10 //ip lease time
01 04 ff ff f8 //subnet
00 0f 13 67 65 6f 72 67 69 61 73 6f 75 74 68 65 72 6e 2e 65 64 75 //domainName
03 04 8d a5 d0 01 //router
06 08 8d a5 06 06 8d a5 01 09 //domainName Server
2b 0d 31 34 31 2e 31 36 35 2e 31 30 34 2e 32 //vender specific
ff//end